00 100000116οω01. 010 mx. 111

10101111.·, uhi Felin. 0. 2 dicit 0110 010010 110001000ος 001 11001001 10100
000. LXXVII 1010001010 01 0100001001.

16. VII. 11 1010000100 11001010 0010001100 propter eamdem 11-

600010, 000. cum 011011 0010 0010 0011. 1000101010001. 10 quo 001111
1001000111 11010 000. LXXVII.

11. VIII. 1010100010011001001 0010100110ηὲ 01 000161οῑ1001· 0011110011

- super 1100011010 0001011111100, Bure. 0001. 396 0. 28 111.1,0100111010

000. LXX VII.

11. IX Est 01 acceptandam 1001001100 0011010, 01 nauiter 101101
000100 suum principalem, 110100011610. 11 1111 5, 10. 110000 Pom.
00003911. 18.

«1100010100 000 001011 1111 0000001100 absque 10001011 mandato sui
1 0010010061, 1101. 101. 001100 10011. 50110011.

13. IL 110101 00010000100101000001001010 1001010 0011001, 0110-
00110110, 11011. 0001 1118 021111, 110111 00111. 11016111. 001001
11001001 10110 11010 000 LXX VII 10 ,11 11101100.

11. XI. 11 1010111011οω 010101 1011101 100 0110010011, 10110101. 0001,
00101 161 0191111 ·

15. XII. 11 0010111010 1101000110 carceribus 1011100011 01101100, 1.
1000000011 0111101110 00000101, perquem text 1101101101. 81 0 1
1111, ,1101Λ 00111 1330 215,ss 800111. sen 0000 1191161111, 11011

, 1100001118 0 60100 0110 0001 001110, 0001111 1101011 10000100

10010. 000. 66 0. 186.

16. XIII. 11 1010111001οω 01011001110111001115 1 ff 0016. mod.
0100. 001 10001. 1010, 10001. 1101111 101111 10 111 001 0101 00010 0011011101
10 001110. 001. 11 01 0011. 0010101, 00101110. 01 0001111 March. 11116
000. 11 10 61011. 10 0011ον000101Μο 0. 11111. 00001 . v

1110000 00100000 000000 00000010 ptr amputationem,
L 5 011111 61011. Ι01 11001. 0. 1, 1 01 001 1000100110 s 10101110 00-
000111, 10010 L 01001010. 110011011001001., 60101110 1010011
10011000, 1101. (100000 10011 166111 0111, 1100011 1. 000. 66 0. 2861

1811001000101110101 1010111010 00000ὥο 000111100011011. 101
18010010.01111101101,Βο10101000011.3306

19.1111.110001010111111001001, 0000011001, 01111 1110110011 11
001111.,1100011.1000 66 0. 116, 10 quo 11000001 infra 000. LXXXIII
10 00010100101101001111101001.

0 11110110 00101111οπ01 0010 compromissum 011101 natura 1001111010,
t 01 011 1000101 060110110οἰ0 quare 000 minores 001000οωί1100 valent 0111000
e solemnitatibus 10 110οο0001 0600011000 requisitis, 1010110. 10101. 66 0. 17
0 01 seq.

 

